  8.0000E+01  9.7435E-04  9.7756E-07  1.3569E-03  1.2058E-06  3.2735E-04  6.5006E-07  1.8704E-04  2.2483E-07  7.5371E-05  7.7799E-08
  8.0250E+01  9.6537E-04  9.6845E-07  1.3448E-03  1.1946E-06  3.2404E-04  6.4360E-07  1.8511E-04  2.2257E-07  7.4610E-05  7.7047E-08
  8.0500E+01  9.5652E-04  9.5944E-07  1.3328E-03  1.1836E-06  3.2080E-04  6.3722E-07  1.8321E-04  2.2034E-07  7.3871E-05  7.6305E-08
  8.0750E+01  9.4775E-04  9.5055E-07  1.3209E-03  1.1727E-06  3.1758E-04  6.3092E-07  1.8132E-04  2.1814E-07  7.3129E-05  7.5572E-08
  8.1000E+01  9.3912E-04  9.4176E-07  1.3092E-03  1.1620E-06  3.1442E-04  6.2470E-07  1.7947E-04  2.1597E-07  7.2407E-05  7.4847E-08
  8.1250E+01  9.3055E-04  9.3307E-07  1.2976E-03  1.1514E-06  3.1128E-04  6.1855E-07  1.7763E-04  2.1383E-07  7.1683E-05  7.4132E-08
  8.1500E+01  9.2212E-04  9.2450E-07  1.2861E-03  1.1409E-06  3.0820E-04  6.1249E-07  1.7583E-04  2.1171E-07  7.0979E-05  7.3425E-08
  8.1750E+01  9.1375E-04  9.1602E-07  1.2748E-03  1.1305E-06  3.0513E-04  6.0650E-07  1.7403E-04  2.0962E-07  7.0273E-05  7.2726E-08
  8.2000E+01  9.0552E-04  9.0765E-07  1.2636E-03  1.1202E-06  3.0213E-04  6.0058E-07  1.7228E-04  2.0755E-07  6.9586E-05  7.2036E-08
  8.2250E+01  8.9735E-04  8.9937E-07  1.2525E-03  1.1101E-06  2.9914E-04  5.9474E-07  1.7053E-04  2.0551E-07  6.8896E-05  7.1355E-08
  8.2500E+01  8.8930E-04  8.9120E-07  1.2416E-03  1.1001E-06  2.9621E-04  5.8897E-07  1.6881E-04  2.0350E-07  6.8226E-05  7.0682E-08
  8.2750E+01  8.8132E-04  8.8312E-07  1.2307E-03  1.0902E-06  2.9329E-04  5.8327E-07  1.6711E-04  2.0151E-07  6.7553E-05  7.0016E-08
  8.3000E+01  8.7346E-04  8.7513E-07  1.2201E-03  1.0805E-06  2.9043E-04  5.7764E-07  1.6544E-04  1.9955E-07  6.6899E-05  6.9359E-08
  8.3250E+01  8.6566E-04  8.6724E-07  1.2095E-03  1.0708E-06  2.8759E-04  5.7208E-07  1.6377E-04  1.9761E-07  6.6242E-05  6.8709E-08
  8.3500E+01  8.5798E-04  8.5945E-07  1.1990E-03  1.0613E-06  2.8480E-04  5.6659E-07  1.6214E-04  1.9569E-07  6.5604E-05  6.8067E-08
  8.3750E+01  8.5036E-04  8.5174E-07  1.1887E-03  1.0518E-06  2.8202E-04  5.6117E-07  1.6052E-04  1.9380E-07  6.4963E-05  6.7433E-08
  8.4000E+01  8.4286E-04  8.4413E-07  1.1785E-03  1.0425E-06  2.7930E-04  5.5581E-07  1.5893E-04  1.9193E-07  6.4339E-05  6.6806E-08
  8.4250E+01  8.3541E-04  8.3660E-07  1.1683E-03  1.0333E-06  2.7659E-04  5.5051E-07  1.5735E-04  1.9009E-07  6.3713E-05  6.6187E-08
  8.4500E+01  8.2808E-04  8.2916E-07  1.1584E-03  1.0242E-06  2.7393E-04  5.4529E-07  1.5580E-04  1.8826E-07  6.3104E-05  6.5575E-08
  8.4750E+01  8.2080E-04  8.2181E-07  1.1485E-03  1.0152E-06  2.7129E-04  5.4012E-07  1.5425E-04  1.8646E-07  6.2493E-05  6.4970E-08
  8.5000E+01  8.1363E-04  8.1454E-07  1.1387E-03  1.0063E-06  2.6870E-04  5.3502E-07  1.5274E-04  1.8468E-07  6.1899E-05  6.4372E-08
  8.5250E+01  8.0652E-04  8.0736E-07  1.1290E-03  9.9751E-07  2.6612E-04  5.2997E-07  1.5123E-04  1.8292E-07  6.1302E-05  6.3781E-08
  8.5500E+01  7.9951E-04  8.0026E-07  1.1195E-03  9.8881E-07  2.6358E-04  5.2499E-07  1.4975E-04  1.8119E-07  6.0721E-05  6.3197E-08
  8.5750E+01  7.9256E-04  7.9324E-07  1.1100E-03  9.8022E-07  2.6107E-04  5.2007E-07  1.4828E-04  1.7947E-07  6.0139E-05  6.2620E-08
  8.6000E+01  7.8571E-04  7.8630E-07  1.1007E-03  9.7172E-07  2.5859E-04  5.1521E-07  1.4684E-04  1.7778E-07  5.9572E-05  6.2049E-08
  8.6250E+01  7.7891E-04  7.7944E-07  1.0914E-03  9.6331E-07  2.5613E-04  5.1040E-07  1.4541E-04  1.7610E-07  5.9002E-05  6.1485E-08
  8.6500E+01  7.7221E-04  7.7266E-07  1.0823E-03  9.5501E-07  2.5372E-04  5.0565E-07  1.4400E-04  1.7445E-07  5.8448E-05  6.0928E-08
  8.6750E+01  7.6556E-04  7.6595E-07  1.0732E-03  9.4679E-07  2.5132E-04  5.0096E-07  1.4260E-04  1.7281E-07  5.7893E-05  6.0377E-08
  8.7000E+01  7.5899E-04  7.5932E-07  1.0643E-03  9.3867E-07  2.4895E-04  4.9632E-07  1.4122E-04  1.7120E-07  5.7343E-05  5.9832E-08
  8.7250E+01  7.5251E-04  7.5277E-07  1.0554E-03  9.3064E-07  2.4662E-04  4.9174E-07  1.3986E-04  1.6960E-07  5.6808E-05  5.9294E-08
  8.7500E+01  7.4608E-04  7.4629E-07  1.0467E-03  9.2270E-07  2.4430E-04  4.8721E-07  1.3851E-04  1.6802E-07  5.6272E-05  5.8761E-08
  8.7750E+01  7.3975E-04  7.3988E-07  1.0380E-03  9.1484E-07  2.4202E-04  4.8274E-07  1.3718E-04  1.6647E-07  5.5749E-05  5.8235E-08
  8.8000E+01  7.3346E-04  7.3354E-07  1.0294E-03  9.0708E-07  2.3976E-04  4.7831E-07  1.3586E-04  1.6492E-07  5.5225E-05  5.7714E-08
  8.8250E+01  7.2726E-04  7.2728E-07  1.0210E-03  8.9940E-07  2.3754E-04  4.7394E-07  1.3457E-04  1.6340E-07  5.4714E-05  5.7200E-08
  8.8500E+01  7.2111E-04  7.2108E-07  1.0126E-03  8.9180E-07  2.3533E-04  4.6962E-07  1.3328E-04  1.6190E-07  5.4201E-05  5.6691E-08
  8.8750E+01  7.1505E-04  7.1495E-07  1.0043E-03  8.8429E-07  2.3316E-04  4.6535E-07  1.3202E-04  1.6041E-07  5.3702E-05  5.6188E-08
  8.9000E+01  7.0903E-04  7.0889E-07  9.9609E-04  8.7686E-07  2.3100E-04  4.6113E-07  1.3076E-04  1.5894E-07  5.3201E-05  5.5691E-08
  8.9250E+01  7.0310E-04  7.0290E-07  9.8798E-04  8.6952E-07  2.2887E-04  4.5696E-07  1.2953E-04  1.5749E-07  5.2714E-05  5.5199E-08
  8.9500E+01  6.9721E-04  6.9697E-07  9.7994E-04  8.6225E-07  2.2676E-04  4.5283E-07  1.2830E-04  1.5605E-07  5.2224E-05  5.4713E-08
  8.9750E+01  6.9140E-04  6.9111E-07  9.7200E-04  8.5506E-07  2.2469E-04  4.4875E-07  1.2709E-04  1.5463E-07  5.1747E-05  5.4232E-08
  9.0000E+01  6.8564E-04  6.8532E-07  9.6413E-04  8.4795E-07  2.2263E-04  4.4472E-07  1.2589E-04  1.5323E-07  5.1269E-05  5.3756E-08
  9.0250E+01  6.7996E-04  6.7958E-07  9.5636E-04  8.4092E-07  2.2060E-04  4.4074E-07  1.2472E-04  1.5184E-07  5.0803E-05  5.3286E-08
  9.0500E+01  6.7432E-04  6.7391E-07  9.4865E-04  8.3396E-07  2.1859E-04  4.3680E-07  1.2354E-04  1.5047E-07  5.0335E-05  5.2821E-08
  9.0750E+01  6.6876E-04  6.6830E-07  9.4104E-04  8.2708E-07  2.1661E-04  4.3290E-07  1.2239E-04  1.4912E-07  4.9879E-05  5.2361E-08
  9.1000E+01  6.6324E-04  6.6275E-07  9.3350E-04  8.2028E-07  2.1464E-04  4.2905E-07  1.2125E-04  1.4778E-07  4.9422E-05  5.1906E-08
  9.1250E+01  6.5780E-04  6.5726E-07  9.2604E-04  8.1354E-07  2.1270E-04  4.2524E-07  1.2013E-04  1.4646E-07  4.8976E-05  5.1456E-08
  9.1500E+01  6.5240E-04  6.5183E-07  9.1865E-04  8.0688E-07  2.1077E-04  4.2148E-07  1.1901E-04  1.4515E-07  4.8529E-05  5.1011E-08
  9.1750E+01  6.4707E-04  6.4646E-07  9.1136E-04  8.0029E-07  2.0888E-04  4.1776E-07  1.1791E-04  1.4385E-07  4.8093E-05  5.0571E-08
  9.2000E+01  6.4178E-04  6.4115E-07  9.0412E-04  7.9377E-07  2.0700E-04  4.1408E-07  1.1681E-04  1.4257E-07  4.7656E-05  5.0136E-08
  9.2250E+01  6.3656E-04  6.3589E-07  8.9697E-04  7.8732E-07  2.0515E-04  4.1044E-07  1.1574E-04  1.4131E-07  4.7230E-05  4.9705E-08
  9.2500E+01  6.3139E-04  6.3069E-07  8.8988E-04  7.8094E-07  2.0331E-04  4.0684E-07  1.1467E-04  1.4006E-07  4.6802E-05  4.9280E-08
  9.2750E+01  6.2626E-04  6.2555E-07  8.8287E-04  7.7462E-07  2.0149E-04  4.0328E-07  1.1361E-04  1.3882E-07  4.6379E-05  4.8858E-08
  9.3000E+01  6.2121E-04  6.2046E-07  8.7594E-04  7.6837E-07  1.9970E-04  3.9976E-07  1.1258E-04  1.3760E-07  4.5967E-05  4.8441E-08
  9.3250E+01  6.1619E-04  6.1542E-07  8.6906E-04  7.6219E-07  1.9792E-04  3.9628E-07  1.1154E-04  1.3639E-07  4.5554E-05  4.8029E-08
  9.3500E+01  6.1124E-04  6.1043E-07  8.6227E-04  7.5607E-07  1.9617E-04  3.9284E-07  1.1053E-04  1.3519E-07  4.5150E-05  4.7621E-08
  9.3750E+01  6.0633E-04  6.0550E-07  8.5554E-04  7.5002E-07  1.9443E-04  3.8944E-07  1.0952E-04  1.3401E-07  4.4746E-05  4.7218E-08
  9.4000E+01  6.0148E-04  6.0062E-07  8.4889E-04  7.4403E-07  1.9272E-04  3.8607E-07  1.0853E-04  1.3284E-07  4.4351E-05  4.6819E-08
  9.4250E+01  5.9667E-04  5.9580E-07  8.4229E-04  7.3810E-07  1.9102E-04  3.8274E-07  1.0754E-04  1.3168E-07  4.3955E-05  4.6424E-08
  9.4500E+01  5.9192E-04  5.9102E-07  8.3577E-04  7.3224E-07  1.8934E-04  3.7945E-07  1.0657E-04  1.3054E-07  4.3569E-05  4.6033E-08
  9.4750E+01  5.8721E-04  5.8629E-07  8.2931E-04  7.2643E-07  1.8768E-04  3.7619E-07  1.0561E-04  1.2941E-07  4.3182E-05  4.5647E-08
  9.5000E+01  5.8256E-04  5.8161E-07  8.2292E-04  7.2069E-07  1.8604E-04  3.7297E-07  1.0466E-04  1.2829E-07  4.2804E-05  4.5264E-08
  9.5250E+01  5.7794E-04  5.7698E-07  8.1658E-04  7.1500E-07  1.8441E-04  3.6978E-07  1.0372E-04  1.2718E-07  4.2426E-05  4.4886E-08
  9.5500E+01  5.7338E-04  5.7240E-07  8.1032E-04  7.0937E-07  1.8281E-04  3.6663E-07  1.0279E-04  1.2609E-07  4.2056E-05  4.4511E-08
  9.5750E+01  5.6886E-04  5.6787E-07  8.0411E-04  7.0380E-07  1.8121E-04  3.6351E-07  1.0187E-04  1.2500E-07  4.1685E-05  4.4141E-08
  9.6000E+01  5.6439E-04  5.6338E-07  7.9797E-04  6.9829E-07  1.7965E-04  3.6043E-07  1.0096E-04  1.2393E-07  4.1324E-05  4.3774E-08
  9.6250E+01  5.5996E-04  5.5894E-07  7.9189E-04  6.9283E-07  1.7809E-04  3.5738E-07  1.0006E-04  1.2287E-07  4.0961E-05  4.3412E-08
  9.6500E+01  5.5557E-04  5.5454E-07  7.8586E-04  6.8743E-07  1.7654E-04  3.5436E-07  9.9163E-05  1.2182E-07  4.0602E-05  4.3053E-08
  9.6750E+01  5.5124E-04  5.5019E-07  7.7990E-04  6.8208E-07  1.7503E-04  3.5137E-07  9.8286E-05  1.2079E-07  4.0252E-05  4.2697E-08
  9.7000E+01  5.4694E-04  5.4588E-07  7.7399E-04  6.7679E-07  1.7352E-04  3.4842E-07  9.7412E-05  1.1976E-07  3.9900E-05  4.2346E-08
  9.7250E+01  5.4270E-04  5.4162E-07  7.6815E-04  6.7155E-07  1.7203E-04  3.4550E-07  9.6554E-05  1.1875E-07  3.9558E-05  4.1998E-08
  9.7500E+01  5.3848E-04  5.3740E-07  7.6236E-04  6.6637E-07  1.7056E-04  3.4261E-07  9.5700E-05  1.1774E-07  3.9214E-05  4.1654E-08
  9.7750E+01  5.3432E-04  5.3323E-07  7.5663E-04  6.6123E-07  1.6910E-04  3.3974E-07  9.4860E-05  1.1675E-07  3.8878E-05  4.1313E-08
  9.8000E+01  5.3019E-04  5.2909E-07  7.5095E-04  6.5615E-07  1.6766E-04  3.3691E-07  9.4024E-05  1.1577E-07  3.8541E-05  4.0976E-08
  9.8250E+01  5.2611E-04  5.2500E-07  7.4534E-04  6.5112E-07  1.6623E-04  3.3411E-07  9.3203E-05  1.1480E-07  3.8213E-05  4.0642E-08
  9.8500E+01  5.2207E-04  5.2095E-07  7.3977E-04  6.4614E-07  1.6482E-04  3.3134E-07  9.2384E-05  1.1384E-07  3.7883E-05  4.0312E-08
  9.8750E+01  5.1807E-04  5.1693E-07  7.3426E-04  6.4121E-07  1.6342E-04  3.2860E-07  9.1581E-05  1.1289E-07  3.7561E-05  3.9985E-08
  9.9000E+01  5.1410E-04  5.1296E-07  7.2880E-04  6.3633E-07  1.6204E-04  3.2589E-07  9.0780E-05  1.1194E-07  3.7239E-05  3.9661E-08
  9.9250E+01  5.1017E-04  5.0903E-07  7.2339E-04  6.3149E-07  1.6067E-04  3.2320E-07  8.9988E-05  1.1101E-07  3.6920E-05  3.9341E-08
  9.9500E+01  5.0629E-04  5.0514E-07  7.1804E-04  6.2671E-07  1.5932E-04  3.2054E-07  8.9209E-05  1.1009E-07  3.6608E-05  3.9024E-08
  9.9750E+01  5.0244E-04  5.0129E-07  7.1273E-04  6.2197E-07  1.5797E-04  3.1792E-07  8.8434E-05  1.0918E-07  3.6295E-05  3.8710E-08
  1.0000E+02  4.9863E-04  4.9747E-07  7.0749E-04  6.1728E-07  1.5665E-04  3.1531E-07  8.7673E-05  1.0828E-07  3.5990E-05  3.8399E-08
  1.0025E+02  4.9485E-04  4.9369E-07  7.0228E-04  6.1263E-07  1.5534E-04  3.1274E-07  8.6914E-05  1.0739E-07  3.5684E-05  3.8092E-08
  1.0050E+02  4.9112E-04  4.8995E-07  6.9714E-04  6.0803E-07  1.5404E-04  3.1019E-07  8.6168E-05  1.0650E-07  3.5384E-05  3.7787E-08
  1.0075E+02  4.8742E-04  4.8625E-07  6.9203E-04  6.0348E-07  1.5276E-04  3.0767E-07  8.5425E-05  1.0563E-07  3.5085E-05  3.7486E-08
  1.0100E+02  4.8376E-04  4.8258E-07  6.8698E-04  5.9896E-07  1.5149E-04  3.0517E-07  8.4695E-05  1.0476E-07  3.4792E-05  3.7188E-08
  1.0125E+02  4.8012E-04  4.7895E-07  6.8197E-04  5.9450E-07  1.5023E-04  3.0270E-07  8.3968E-05  1.0391E-07  3.4498E-05  3.6892E-08
  1.0150E+02  4.7653E-04  4.7536E-07  6.7701E-04  5.9007E-07  1.4898E-04  3.0026E-07  8.3248E-05  1.0306E-07  3.4207E-05  3.6600E-08
  1.0175E+02  4.7297E-04  4.7180E-07  6.7210E-04  5.8569E-07  1.4775E-04  2.9784E-07  8.2541E-05  1.0222E-07  3.3923E-05  3.6310E-08
  1.0200E+02  4.6944E-04  4.6827E-07  6.6723E-04  5.8136E-07  1.4653E-04  2.9544E-07  8.1837E-05  1.0139E-07  3.3639E-05  3.6024E-08
  1.0225E+02  4.6596E-04  4.6478E-07  6.6241E-04  5.7706E-07  1.4533E-04  2.9307E-07  8.1144E-05  1.0057E-07  3.3360E-05  3.5740E-08
  1.0250E+02  4.6249E-04  4.6132E-07  6.5764E-04  5.7280E-07  1.4413E-04  2.9072E-07  8.0454E-05  9.9756E-08  3.3081E-05  3.5459E-08
  1.0275E+02  4.5907E-04  4.5790E-07  6.5291E-04  5.6859E-07  1.4295E-04  2.8840E-07  7.9776E-05  9.8951E-08  3.2808E-05  3.5181E-08
  1.0300E+02  4.5568E-04  4.5451E-07  6.4822E-04  5.6442E-07  1.4178E-04  2.8610E-07  7.9100E-05  9.8154E-08  3.2535E-05  3.4905E-08
  1.0325E+02  4.5232E-04  4.5115E-07  6.4358E-04  5.6028E-07  1.4062E-04  2.8382E-07  7.8436E-05  9.7366E-08  3.2268E-05  3.4632E-08
  1.0350E+02  4.4899E-04  4.4782E-07  6.3898E-04  5.5619E-07  1.3947E-04  2.8157E-07  7.7775E-05  9.6585E-08  3.2000E-05  3.4362E-08
  1.0375E+02  4.4569E-04  4.4453E-07  6.3442E-04  5.5213E-07  1.3833E-04  2.7934E-07  7.7120E-05  9.5813E-08  3.1735E-05  3.4095E-08
  1.0400E+02  4.4243E-04  4.4127E-07  6.2991E-04  5.4812E-07  1.3721E-04  2.7713E-07  7.6476E-05  9.5048E-08  3.1476E-05  3.3830E-08
  1.0425E+02  4.3919E-04  4.3803E-07  6.2543E-04  5.4414E-07  1.3610E-04  2.7494E-07  7.5835E-05  9.4291E-08  3.1216E-05  3.3568E-08
  1.0450E+02  4.3599E-04  4.3483E-07  6.2100E-04  5.4020E-07  1.3500E-04  2.7278E-07  7.5204E-05  9.3541E-08  3.0962E-05  3.3308E-08
  1.0475E+02  4.3281E-04  4.3166E-07  6.1661E-04  5.3629E-07  1.3391E-04  2.7064E-07  7.4576E-05  9.2799E-08  3.0707E-05  3.3051E-08
  1.0500E+02  4.2967E-04  4.2852E-07  6.1226E-04  5.3243E-07  1.3283E-04  2.6851E-07  7.3958E-05  9.2064E-08  3.0458E-05  3.2797E-08
  1.0525E+02  4.2655E-04  4.2541E-07  6.0795E-04  5.2859E-07  1.3176E-04  2.6641E-07  7.3342E-05  9.1337E-08  3.0209E-05  3.2544E-08
  1.0550E+02  4.2347E-04  4.2233E-07  6.0368E-04  5.2480E-07  1.3071E-04  2.6433E-07  7.2737E-05  9.0617E-08  2.9965E-05  3.2295E-08
  1.0575E+02  4.2041E-04  4.1928E-07  5.9944E-04  5.2104E-07  1.2966E-04  2.6227E-07  7.2134E-05  8.9904E-08  2.9720E-05  3.2047E-08
  1.0600E+02  4.1738E-04  4.1625E-07  5.9525E-04  5.1731E-07  1.2862E-04  2.6024E-07  7.1537E-05  8.9199E-08  2.9478E-05  3.1802E-08
  1.0625E+02  4.1438E-04  4.1326E-07  5.9109E-04  5.1362E-07  1.2759E-04  2.5822E-07  7.0950E-05  8.8500E-08  2.9241E-05  3.1560E-08
  1.0650E+02  4.1140E-04  4.1029E-07  5.8697E-04  5.0997E-07  1.2657E-04  2.5622E-07  7.0365E-05  8.7808E-08  2.9004E-05  3.1320E-08
  1.0675E+02  4.0846E-04  4.0735E-07  5.8289E-04  5.0635E-07  1.2557E-04  2.5424E-07  6.9789E-05  8.7123E-08  2.8771E-05  3.1082E-08
  1.0700E+02  4.0554E-04  4.0444E-07  5.7885E-04  5.0276E-07  1.2457E-04  2.5228E-07  6.9216E-05  8.6445E-08  2.8538E-05  3.0846E-08
  1.0725E+02  4.0265E-04  4.0155E-07  5.7484E-04  4.9920E-07  1.2359E-04  2.5034E-07  6.8652E-05  8.5773E-08  2.8311E-05  3.0612E-08
  1.0750E+02  3.9978E-04  3.9869E-07  5.7087E-04  4.9568E-07  1.2261E-04  2.4841E-07  6.8091E-05  8.5108E-08  2.8082E-05  3.0381E-08
  1.0775E+02  3.9694E-04  3.9586E-07  5.6693E-04  4.9219E-07  1.2164E-04  2.4651E-07  6.7534E-05  8.4449E-08  2.7857E-05  3.0152E-08
  1.0800E+02  3.9413E-04  3.9305E-07  5.6303E-04  4.8873E-07  1.2068E-04  2.4462E-07  6.6987E-05  8.3797E-08  2.7635E-05  2.9925E-08
  1.0825E+02  3.9134E-04  3.9027E-07  5.5916E-04  4.8530E-07  1.1973E-04  2.4276E-07  6.6442E-05  8.3151E-08  2.7414E-05  2.9700E-08
  1.0850E+02  3.8858E-04  3.8752E-07  5.5533E-04  4.8191E-07  1.1880E-04  2.4091E-07  6.5906E-05  8.2512E-08  2.7197E-05  2.9478E-08
  1.0875E+02  3.8584E-04  3.8479E-07  5.5153E-04  4.7854E-07  1.1786E-04  2.3908E-07  6.5372E-05  8.1878E-08  2.6980E-05  2.9257E-08
  1.0900E+02  3.8313E-04  3.8208E-07  5.4777E-04  4.7521E-07  1.1695E-04  2.3726E-07  6.4846E-05  8.1251E-08  2.6767E-05  2.9039E-08
  1.0925E+02  3.8044E-04  3.7940E-07  5.4403E-04  4.7191E-07  1.1603E-04  2.3547E-07  6.4322E-05  8.0630E-08  2.6554E-05  2.8822E-08
  1.0950E+02  3.7777E-04  3.7675E-07  5.4033E-04  4.6863E-07  1.1513E-04  2.3369E-07  6.3804E-05  8.0015E-08  2.6343E-05  2.8608E-08
  1.0975E+02  3.7513E-04  3.7412E-07  5.3667E-04  4.6539E-07  1.1423E-04  2.3192E-07  6.3293E-05  7.9405E-08  2.6136E-05  2.8396E-08
  1.1000E+02  3.7251E-04  3.7151E-07  5.3303E-04  4.6217E-07  1.1335E-04  2.3018E-07  6.2785E-05  7.8802E-08  2.5929E-05  2.8185E-08
