 # x =   1.0000E-03
 #        q2       xdbar      error+      error-       error
  5.0000E-01  1.7156E-01  2.4576E-02  2.3540E-02  2.3713E-02
  6.3536E-01  2.1158E-01  2.9097E-02  2.7806E-02  2.8053E-02
  8.0737E-01  2.5342E-01  3.2013E-02  3.0427E-02  3.0800E-02
  1.0259E+00  2.9090E-01  3.1289E-02  2.9373E-02  2.9931E-02
  1.3037E+00  3.2503E-01  2.8899E-02  2.6719E-02  2.7414E-02
  1.6566E+00  3.5979E-01  2.7127E-02  2.4704E-02  2.5481E-02
  2.1051E+00  3.9524E-01  2.5824E-02  2.3235E-02  2.4020E-02
  2.6750E+00  4.3197E-01  2.4910E-02  2.2250E-02  2.2975E-02
  3.3992E+00  4.6859E-01  2.4314E-02  2.1642E-02  2.2265E-02
  4.3194E+00  5.0515E-01  2.3988E-02  2.1338E-02  2.1836E-02
  5.4888E+00  5.4164E-01  2.3859E-02  2.1318E-02  2.1650E-02
  6.9748E+00  5.7799E-01  2.3924E-02  2.1486E-02  2.1656E-02
  8.8630E+00  6.1421E-01  2.4084E-02  2.1849E-02  2.1818E-02
  1.1262E+01  6.5027E-01  2.4374E-02  2.2331E-02  2.2110E-02
  1.4311E+01  6.8611E-01  2.4744E-02  2.2917E-02  2.2504E-02
  1.8186E+01  7.2174E-01  2.5153E-02  2.3594E-02  2.2974E-02
  2.3109E+01  7.5697E-01  2.5582E-02  2.4312E-02  2.3491E-02
  2.9365E+01  7.9247E-01  2.6101E-02  2.5045E-02  2.4065E-02
  3.7315E+01  8.2757E-01  2.6654E-02  2.5774E-02  2.4664E-02
  4.7417E+01  8.6238E-01  2.7206E-02  2.6532E-02  2.5286E-02
  6.0254E+01  8.9687E-01  2.7751E-02  2.7308E-02  2.5922E-02
  7.6566E+01  9.3105E-01  2.8292E-02  2.8092E-02  2.6565E-02
  9.7294E+01  9.6490E-01  2.8830E-02  2.8872E-02  2.7209E-02
  1.2363E+02  9.9842E-01  2.9394E-02  2.9606E-02  2.7847E-02
  1.5710E+02  1.0316E+00  2.9939E-02  3.0335E-02  2.8477E-02
  1.9964E+02  1.0645E+00  3.0372E-02  3.1150E-02  2.9096E-02
  2.5368E+02  1.0971E+00  3.0816E-02  3.1938E-02  2.9709E-02
  3.2236E+02  1.1293E+00  3.1370E-02  3.2602E-02  3.0313E-02
  4.0963E+02  1.1612E+00  3.1909E-02  3.3258E-02  3.0908E-02
  5.2053E+02  1.1927E+00  3.2360E-02  3.3974E-02  3.1493E-02
  6.6145E+02  1.2240E+00  3.2809E-02  3.4676E-02  3.2071E-02
  8.4051E+02  1.2549E+00  3.3305E-02  3.5329E-02  3.2647E-02
  1.0681E+03  1.2854E+00  3.3758E-02  3.5975E-02  3.3200E-02
  1.3572E+03  1.3157E+00  3.4109E-02  3.6643E-02  3.3715E-02
  1.7246E+03  1.3457E+00  3.4466E-02  3.7273E-02  3.4213E-02
  2.1915E+03  1.3753E+00  3.4949E-02  3.7787E-02  3.4710E-02
  2.7848E+03  1.4045E+00  3.5480E-02  3.8238E-02  3.5199E-02
  3.5388E+03  1.4335E+00  3.5864E-02  3.8800E-02  3.5674E-02
  4.4968E+03  1.4622E+00  3.6075E-02  3.9498E-02  3.6135E-02
  5.7141E+03  1.4906E+00  3.6333E-02  4.0130E-02  3.6586E-02
  7.2611E+03  1.5187E+00  3.6760E-02  4.0581E-02  3.7032E-02
  9.2268E+03  1.5464E+00  3.7217E-02  4.0980E-02  3.7463E-02
  1.1725E+04  1.5738E+00  3.7549E-02  4.1455E-02  3.7864E-02
  1.4899E+04  1.6010E+00  3.7797E-02  4.1968E-02  3.8238E-02
  1.8932E+04  1.6279E+00  3.8077E-02  4.2446E-02  3.8614E-02
  2.4058E+04  1.6544E+00  3.8436E-02  4.2857E-02  3.9002E-02
  3.0571E+04  1.6807E+00  3.8781E-02  4.3266E-02  3.9384E-02
  3.8847E+04  1.7067E+00  3.9019E-02  4.3747E-02  3.9745E-02
  4.9364E+04  1.7325E+00  3.9205E-02  4.4252E-02  4.0090E-02
  6.2728E+04  1.7579E+00  3.9478E-02  4.4638E-02  4.0418E-02
  7.9710E+04  1.7831E+00  3.9848E-02  4.4892E-02  4.0728E-02
  1.0129E+05  1.8080E+00  4.0180E-02  4.5174E-02  4.1033E-02
  1.2871E+05  1.8326E+00  4.0403E-02  4.5565E-02  4.1337E-02
  1.6355E+05  1.8570E+00  4.0586E-02  4.5988E-02  4.1637E-02
  2.0783E+05  1.8812E+00  4.0796E-02  4.6379E-02  4.1935E-02
  2.6410E+05  1.9051E+00  4.1018E-02  4.6750E-02  4.2232E-02
  3.3559E+05  1.9287E+00  4.1213E-02  4.7118E-02  4.2513E-02
  4.2645E+05  1.9521E+00  4.1351E-02  4.7499E-02  4.2771E-02
  5.4190E+05  1.9752E+00  4.1501E-02  4.7848E-02  4.3020E-02
  6.8860E+05  1.9981E+00  4.1739E-02  4.8109E-02  4.3271E-02
  8.7502E+05  2.0207E+00  4.2018E-02  4.8320E-02  4.3518E-02
  1.1119E+06  2.0431E+00  4.2248E-02  4.8570E-02  4.3757E-02
  1.4129E+06  2.0653E+00  4.2430E-02  4.8859E-02  4.3987E-02
  1.7954E+06  2.0872E+00  4.2598E-02  4.9144E-02  4.4207E-02
  2.2815E+06  2.1090E+00  4.2755E-02  4.9412E-02  4.4415E-02
  2.8992E+06  2.1305E+00  4.2911E-02  4.9662E-02  4.4613E-02
  3.6840E+06  2.1517E+00  4.3107E-02  4.9868E-02  4.4809E-02
  4.6814E+06  2.1728E+00  4.3339E-02  5.0033E-02  4.5002E-02
  5.9487E+06  2.1936E+00  4.3536E-02  5.0217E-02  4.5188E-02
  7.5592E+06  2.2143E+00  4.3681E-02  5.0426E-02  4.5365E-02
  9.6056E+06  2.2347E+00  4.3798E-02  5.0654E-02  4.5537E-02
  1.2206E+07  2.2550E+00  4.3879E-02  5.0919E-02  4.5710E-02
  1.5511E+07  2.2750E+00  4.3938E-02  5.1202E-02  4.5881E-02
  1.9710E+07  2.2949E+00  4.4043E-02  5.1421E-02  4.6040E-02
  2.5046E+07  2.3145E+00  4.4212E-02  5.1558E-02  4.6186E-02
  3.1826E+07  2.3339E+00  4.4361E-02  5.1709E-02  4.6330E-02
  4.0442E+07  2.3532E+00  4.4431E-02  5.1941E-02  4.6480E-02
  5.1390E+07  2.3723E+00  4.4480E-02  5.2195E-02  4.6629E-02
  6.5303E+07  2.3912E+00  4.4579E-02  5.2395E-02  4.6774E-02
  8.2982E+07  2.4098E+00  4.4713E-02  5.2558E-02  4.6917E-02
  1.0545E+08  2.4284E+00  4.4813E-02  5.2734E-02  4.7048E-02
  1.3399E+08  2.4467E+00  4.4839E-02  5.2956E-02  4.7165E-02
  1.7027E+08  2.4649E+00  4.4879E-02  5.3152E-02  4.7277E-02
  2.1637E+08  2.4829E+00  4.5041E-02  5.3228E-02  4.7392E-02
  2.7494E+08  2.5006E+00  4.5269E-02  5.3244E-02  4.7507E-02
  3.4937E+08  2.5183E+00  4.5395E-02  5.3360E-02  4.7624E-02
  4.4396E+08  2.5358E+00  4.5394E-02  5.3600E-02  4.7744E-02
  5.6414E+08  2.5531E+00  4.5393E-02  5.3829E-02  4.7858E-02
  7.1687E+08  2.5703E+00  4.5448E-02  5.3987E-02  4.7960E-02
  9.1094E+08  2.5873E+00  4.5528E-02  5.4106E-02  4.8053E-02
  1.1576E+09  2.6044E+00  4.5610E-02  5.4221E-02  4.8144E-02
  1.4709E+09  2.6217E+00  4.5682E-02  5.4353E-02  4.8239E-02
  1.8692E+09  2.6391E+00  4.5753E-02  5.4484E-02  4.8334E-02
  2.3752E+09  2.6567E+00  4.5824E-02  5.4616E-02  4.8428E-02
  3.0182E+09  2.6743E+00  4.5894E-02  5.4747E-02  4.8521E-02
  3.8353E+09  2.6921E+00  4.5964E-02  5.4878E-02  4.8614E-02
  4.8736E+09  2.7100E+00  4.6034E-02  5.5010E-02  4.8707E-02
  6.1930E+09  2.7280E+00  4.6104E-02  5.5142E-02  4.8799E-02
  7.8695E+09  2.7462E+00  4.6173E-02  5.5273E-02  4.8891E-02
  1.0000E+10  2.7644E+00  4.6242E-02  5.5405E-02  4.8983E-02
