 # q =   1.0000E+01
 #         x       xdbar      error+      error-       error
  1.0000E-07  1.4239E+00  8.5320E+00  1.0720E+01  8.5218E+00
  1.1767E-07  1.4665E+00  8.2138E+00  1.0317E+01  8.2248E+00
  1.3846E-07  1.5103E+00  7.8975E+00  9.9158E+00  7.9281E+00
  1.6293E-07  1.5554E+00  7.5830E+00  9.5159E+00  7.6313E+00
  1.9171E-07  1.6019E+00  7.2699E+00  9.1172E+00  7.3341E+00
  2.2559E-07  1.6498E+00  6.9580E+00  8.7195E+00  7.0362E+00
  2.6545E-07  1.6991E+00  6.6471E+00  8.3223E+00  6.7371E+00
  3.1235E-07  1.7499E+00  6.3367E+00  7.9252E+00  6.4364E+00
  3.6754E-07  1.8022E+00  6.0268E+00  7.5277E+00  6.1337E+00
  4.3248E-07  1.8561E+00  5.7169E+00  7.1290E+00  5.8282E+00
  5.0890E-07  1.9116E+00  5.4069E+00  6.7283E+00  5.5193E+00
  5.9882E-07  1.9688E+00  5.0965E+00  6.3244E+00  5.2063E+00
  7.0462E-07  2.0276E+00  4.7853E+00  5.9162E+00  4.8882E+00
  8.2912E-07  2.0883E+00  4.4732E+00  5.5020E+00  4.5641E+00
  9.7562E-07  2.1507E+00  4.1598E+00  5.0802E+00  4.2327E+00
  1.1480E-06  2.2309E+00  3.8154E+00  4.5836E+00  3.8428E+00
  1.3509E-06  2.3058E+00  3.4827E+00  4.1033E+00  3.4646E+00
  1.5895E-06  2.3717E+00  3.1684E+00  3.6541E+00  3.1096E+00
  1.8704E-06  2.4285E+00  2.8726E+00  3.2361E+00  2.7778E+00
  2.2009E-06  2.4769E+00  2.5942E+00  2.8472E+00  2.4678E+00
  2.5898E-06  2.5182E+00  2.3310E+00  2.4832E+00  2.1764E+00
  3.0474E-06  2.5500E+00  2.0871E+00  2.1519E+00  1.9094E+00
  3.5858E-06  2.5695E+00  1.8670E+00  1.8620E+00  1.6733E+00
  4.2194E-06  2.5739E+00  1.6754E+00  1.6227E+00  1.4747E+00
  4.9649E-06  2.5616E+00  1.5145E+00  1.4381E+00  1.3164E+00
  5.8422E-06  2.5418E+00  1.3694E+00  1.2784E+00  1.1775E+00
  6.8744E-06  2.5209E+00  1.2296E+00  1.1225E+00  1.0425E+00
  8.0891E-06  2.4963E+00  1.0994E+00  9.7937E-01  9.1792E-01
  9.5184E-06  2.4681E+00  9.7836E-01  8.4891E-01  8.0350E-01
  1.1200E-05  2.4350E+00  8.6885E-01  7.3411E-01  7.0175E-01
  1.3179E-05  2.3964E+00  7.7178E-01  6.3620E-01  6.1366E-01
  1.5508E-05  2.3537E+00  6.8489E-01  5.5166E-01  5.3652E-01
  1.8248E-05  2.3082E+00  6.0588E-01  4.7697E-01  4.6755E-01
  2.1472E-05  2.2610E+00  5.3294E-01  4.0949E-01  4.0465E-01
  2.5266E-05  2.2111E+00  4.6795E-01  3.5183E-01  3.4996E-01
  2.9731E-05  2.1586E+00  4.1042E-01  3.0296E-01  3.0283E-01
  3.4984E-05  2.1043E+00  3.5926E-01  2.6100E-01  2.6178E-01
  4.1165E-05  2.0490E+00  3.1329E-01  2.2434E-01  2.2548E-01
  4.8439E-05  1.9921E+00  2.7312E-01  1.9374E-01  1.9464E-01
  5.6998E-05  1.9342E+00  2.3787E-01  1.6785E-01  1.6827E-01
  6.7069E-05  1.8763E+00  2.0601E-01  1.4470E-01  1.4476E-01
  7.8919E-05  1.8181E+00  1.7803E-01  1.2490E-01  1.2461E-01
  9.2864E-05  1.7591E+00  1.5418E-01  1.0888E-01  1.0811E-01
  1.0927E-04  1.7003E+00  1.3326E-01  9.5209E-02  9.4033E-02
  1.2858E-04  1.6417E+00  1.1509E-01  8.3588E-02  8.2135E-02
  1.5130E-04  1.5836E+00  9.9407E-02  7.3778E-02  7.2162E-02
  1.7803E-04  1.5260E+00  8.5718E-02  6.5472E-02  6.3804E-02
  2.0949E-04  1.4692E+00  7.3622E-02  5.9080E-02  5.6832E-02
  2.4650E-04  1.4130E+00  6.3546E-02  5.3776E-02  5.1186E-02
  2.9006E-04  1.3574E+00  5.5377E-02  4.9243E-02  4.6560E-02
  3.4131E-04  1.3026E+00  4.9702E-02  4.5307E-02  4.2680E-02
  4.0162E-04  1.2489E+00  4.5102E-02  4.1850E-02  3.9407E-02
  4.7258E-04  1.1963E+00  4.1353E-02  3.8759E-02  3.6618E-02
  5.5608E-04  1.1447E+00  3.8174E-02  3.6016E-02  3.4161E-02
  6.5434E-04  1.0943E+00  3.5231E-02  3.3727E-02  3.1995E-02
  7.6995E-04  1.0452E+00  3.2439E-02  3.1843E-02  3.0033E-02
  9.0600E-04  9.9723E-01  3.0136E-02  3.0013E-02  2.8273E-02
  1.0661E-03  9.5057E-01  2.8110E-02  2.8328E-02  2.6669E-02
  1.2544E-03  9.0522E-01  2.6207E-02  2.6829E-02  2.5172E-02
  1.4761E-03  8.6118E-01  2.4448E-02  2.5441E-02  2.3764E-02
  1.7369E-03  8.1849E-01  2.2869E-02  2.4131E-02  2.2453E-02
  2.0438E-03  7.7714E-01  2.1508E-02  2.2890E-02  2.1255E-02
  2.4049E-03  7.3716E-01  2.0328E-02  2.1666E-02  2.0136E-02
  2.8299E-03  6.9851E-01  1.9283E-02  2.0432E-02  1.9071E-02
  3.3299E-03  6.6121E-01  1.8366E-02  1.9211E-02  1.8070E-02
  3.9183E-03  6.2524E-01  1.7577E-02  1.8038E-02  1.7146E-02
  4.6106E-03  5.9061E-01  1.6902E-02  1.6942E-02  1.6302E-02
  5.4253E-03  5.5731E-01  1.6295E-02  1.5897E-02  1.5525E-02
  6.3839E-03  5.2530E-01  1.5749E-02  1.4995E-02  1.4819E-02
  7.5118E-03  4.9459E-01  1.5233E-02  1.4208E-02  1.4185E-02
  8.8391E-03  4.6513E-01  1.4747E-02  1.3525E-02  1.3619E-02
  1.0401E-02  4.3691E-01  1.4298E-02  1.2944E-02  1.3119E-02
  1.2239E-02  4.0991E-01  1.3902E-02  1.2440E-02  1.2681E-02
  1.4401E-02  3.8408E-01  1.3528E-02  1.2016E-02  1.2292E-02
  1.6946E-02  3.5942E-01  1.3165E-02  1.1673E-02  1.1951E-02
  1.9940E-02  3.3585E-01  1.2805E-02  1.1390E-02  1.1629E-02
  2.3463E-02  3.1335E-01  1.2441E-02  1.1125E-02  1.1308E-02
  2.7609E-02  2.9186E-01  1.2059E-02  1.0827E-02  1.0974E-02
  3.2487E-02  2.7124E-01  1.1612E-02  1.0426E-02  1.0577E-02
  3.8227E-02  2.5148E-01  1.1103E-02  9.9369E-03  1.0122E-02
  4.4982E-02  2.3232E-01  1.0480E-02  9.3498E-03  9.5751E-03
  5.2930E-02  2.1374E-01  9.8497E-03  8.6954E-03  8.9973E-03
  6.2282E-02  1.9521E-01  9.3230E-03  8.0068E-03  8.4482E-03
  7.3287E-02  1.7674E-01  9.0724E-03  7.3966E-03  8.0636E-03
  8.6236E-02  1.5777E-01  9.1602E-03  7.0383E-03  7.9653E-03
  1.0147E-01  1.3811E-01  9.4260E-03  7.3376E-03  8.1740E-03
  1.1940E-01  1.1746E-01  9.7745E-03  7.7739E-03  8.5007E-03
  1.4050E-01  9.5892E-02  9.8949E-03  7.8573E-03  8.5736E-03
  1.6533E-01  7.3879E-02  9.4493E-03  7.3268E-03  8.1001E-03
  1.9454E-01  5.2418E-02  8.2583E-03  6.1222E-03  6.9578E-03
  2.2891E-01  3.3080E-02  6.5185E-03  4.6684E-03  5.4272E-03
  2.6936E-01  1.7537E-02  4.9988E-03  3.5040E-03  4.1464E-03
  3.1695E-01  7.1088E-03  4.0211E-03  2.9568E-03  3.4146E-03
  3.7296E-01  1.7469E-03  2.9172E-03  2.6004E-03  2.6761E-03
  4.3885E-01  2.3623E-05  1.5947E-03  1.6846E-03  1.5806E-03
  5.1640E-01 -9.5122E-05  5.4994E-04  6.7701E-04  5.8929E-04
  6.0764E-01 -1.5698E-06  9.8884E-05  1.3168E-04  1.1043E-04
  7.1501E-01  2.9216E-06  8.2993E-06  8.5751E-06  8.0998E-06
  8.4134E-01 -3.6568E-07  3.1810E-07  3.3631E-07  3.2263E-07
  9.9000E-01  3.5496E-07  6.3875E-08  3.5037E-08  4.6285E-08
