 # q =   1.0000E+01
 #         x         xdn      error+      error-       error
  1.0000E-07  1.4236E+00  8.5320E+00  1.0720E+01  8.5218E+00
  1.1767E-07  1.4662E+00  8.2138E+00  1.0317E+01  8.2248E+00
  1.3846E-07  1.5101E+00  7.8975E+00  9.9158E+00  7.9281E+00
  1.6293E-07  1.5553E+00  7.5830E+00  9.5159E+00  7.6313E+00
  1.9171E-07  1.6018E+00  7.2699E+00  9.1172E+00  7.3341E+00
  2.2559E-07  1.6497E+00  6.9580E+00  8.7195E+00  7.0362E+00
  2.6545E-07  1.6991E+00  6.6471E+00  8.3223E+00  6.7371E+00
  3.1235E-07  1.7499E+00  6.3367E+00  7.9252E+00  6.4364E+00
  3.6754E-07  1.8023E+00  6.0268E+00  7.5277E+00  6.1337E+00
  4.3248E-07  1.8562E+00  5.7169E+00  7.1290E+00  5.8282E+00
  5.0890E-07  1.9117E+00  5.4069E+00  6.7283E+00  5.5193E+00
  5.9882E-07  1.9689E+00  5.0965E+00  6.3244E+00  5.2063E+00
  7.0462E-07  2.0278E+00  4.7853E+00  5.9162E+00  4.8882E+00
  8.2912E-07  2.0885E+00  4.4732E+00  5.5020E+00  4.5641E+00
  9.7562E-07  2.1510E+00  4.1598E+00  5.0802E+00  4.2328E+00
  1.1480E-06  2.2312E+00  3.8154E+00  4.5836E+00  3.8428E+00
  1.3509E-06  2.3061E+00  3.4827E+00  4.1033E+00  3.4646E+00
  1.5895E-06  2.3720E+00  3.1684E+00  3.6542E+00  3.1096E+00
  1.8704E-06  2.4289E+00  2.8726E+00  3.2361E+00  2.7778E+00
  2.2009E-06  2.4773E+00  2.5942E+00  2.8472E+00  2.4678E+00
  2.5898E-06  2.5187E+00  2.3310E+00  2.4832E+00  2.1765E+00
  3.0474E-06  2.5506E+00  2.0871E+00  2.1519E+00  1.9094E+00
  3.5858E-06  2.5702E+00  1.8670E+00  1.8620E+00  1.6733E+00
  4.2194E-06  2.5746E+00  1.6754E+00  1.6227E+00  1.4747E+00
  4.9649E-06  2.5624E+00  1.5145E+00  1.4381E+00  1.3165E+00
  5.8422E-06  2.5426E+00  1.3695E+00  1.2784E+00  1.1775E+00
  6.8744E-06  2.5218E+00  1.2296E+00  1.1225E+00  1.0425E+00
  8.0891E-06  2.4973E+00  1.0994E+00  9.7940E-01  9.1794E-01
  9.5184E-06  2.4693E+00  9.7836E-01  8.4894E-01  8.0352E-01
  1.1200E-05  2.4363E+00  8.6886E-01  7.3415E-01  7.0177E-01
  1.3179E-05  2.3979E+00  7.7178E-01  6.3624E-01  6.1369E-01
  1.5508E-05  2.3553E+00  6.8490E-01  5.5171E-01  5.3655E-01
  1.8248E-05  2.3100E+00  6.0588E-01  4.7702E-01  4.6758E-01
  2.1472E-05  2.2631E+00  5.3294E-01  4.0955E-01  4.0467E-01
  2.5266E-05  2.2133E+00  4.6795E-01  3.5189E-01  3.4999E-01
  2.9731E-05  2.1611E+00  4.1042E-01  3.0301E-01  3.0286E-01
  3.4984E-05  2.1071E+00  3.5927E-01  2.6106E-01  2.6180E-01
  4.1165E-05  2.0521E+00  3.1331E-01  2.2439E-01  2.2550E-01
  4.8439E-05  1.9956E+00  2.7314E-01  1.9378E-01  1.9466E-01
  5.6998E-05  1.9381E+00  2.3789E-01  1.6787E-01  1.6828E-01
  6.7069E-05  1.8807E+00  2.0604E-01  1.4470E-01  1.4476E-01
  7.8919E-05  1.8230E+00  1.7807E-01  1.2487E-01  1.2460E-01
  9.2864E-05  1.7645E+00  1.5423E-01  1.0880E-01  1.0808E-01
  1.0927E-04  1.7064E+00  1.3332E-01  9.5087E-02  9.3981E-02
  1.2858E-04  1.6485E+00  1.1517E-01  8.3407E-02  8.2056E-02
  1.5130E-04  1.5911E+00  9.9503E-02  7.3537E-02  7.2050E-02
  1.7803E-04  1.5345E+00  8.5859E-02  6.5176E-02  6.3652E-02
  2.0949E-04  1.4787E+00  7.3826E-02  5.8669E-02  5.6633E-02
  2.4650E-04  1.4236E+00  6.3770E-02  5.3282E-02  5.0937E-02
  2.9006E-04  1.3693E+00  5.5705E-02  4.8715E-02  4.6259E-02
  3.4131E-04  1.3160E+00  5.0236E-02  4.4747E-02  4.2329E-02
  4.0162E-04  1.2639E+00  4.5651E-02  4.1262E-02  3.9003E-02
  4.7258E-04  1.2131E+00  4.1861E-02  3.8154E-02  3.6165E-02
  5.5608E-04  1.1635E+00  3.8562E-02  3.5404E-02  3.3665E-02
  6.5434E-04  1.1154E+00  3.5513E-02  3.3108E-02  3.1458E-02
  7.6995E-04  1.0687E+00  3.2621E-02  3.1212E-02  2.9459E-02
  9.0600E-04  1.0236E+00  3.0250E-02  2.9368E-02  2.7678E-02
  1.0661E-03  9.8017E-01  2.8220E-02  2.7646E-02  2.6062E-02
  1.2544E-03  9.3833E-01  2.6361E-02  2.6090E-02  2.4560E-02
  1.4761E-03  8.9821E-01  2.4632E-02  2.4658E-02  2.3153E-02
  1.7369E-03  8.5990E-01  2.3057E-02  2.3336E-02  2.1846E-02
  2.0438E-03  8.2351E-01  2.1666E-02  2.2106E-02  2.0649E-02
  2.4049E-03  7.8897E-01  2.0436E-02  2.0903E-02  1.9530E-02
  2.8299E-03  7.5628E-01  1.9324E-02  1.9693E-02  1.8460E-02
  3.3299E-03  7.2552E-01  1.8304E-02  1.8491E-02  1.7436E-02
  3.9183E-03  6.9676E-01  1.7384E-02  1.7320E-02  1.6459E-02
  4.6106E-03  6.7004E-01  1.6545E-02  1.6170E-02  1.5526E-02
  5.4253E-03  6.4531E-01  1.5757E-02  1.5040E-02  1.4631E-02
  6.3839E-03  6.2259E-01  1.4992E-02  1.4053E-02  1.3785E-02
  7.5118E-03  6.0186E-01  1.4288E-02  1.3180E-02  1.3019E-02
  8.8391E-03  5.8307E-01  1.3699E-02  1.2366E-02  1.2369E-02
  1.0401E-02  5.6614E-01  1.3420E-02  1.1654E-02  1.1899E-02
  1.2239E-02  5.5105E-01  1.3580E-02  1.1268E-02  1.1688E-02
  1.4401E-02  5.3751E-01  1.3926E-02  1.1104E-02  1.1765E-02
  1.6946E-02  5.2555E-01  1.4521E-02  1.1226E-02  1.2169E-02
  1.9940E-02  5.1476E-01  1.5182E-02  1.1682E-02  1.2785E-02
  2.3463E-02  5.0500E-01  1.5808E-02  1.2401E-02  1.3517E-02
  2.7609E-02  4.9608E-01  1.6302E-02  1.3271E-02  1.4263E-02
  3.2487E-02  4.8732E-01  1.6329E-02  1.4035E-02  1.4733E-02
  3.8227E-02  4.7875E-01  1.5953E-02  1.4681E-02  1.4950E-02
  4.4982E-02  4.6959E-01  1.4961E-02  1.5053E-02  1.4720E-02
  5.2930E-02  4.5987E-01  1.3721E-02  1.5271E-02  1.4244E-02
  6.2282E-02  4.4862E-01  1.2765E-02  1.5473E-02  1.3766E-02
  7.3287E-02  4.3586E-01  1.2798E-02  1.5889E-02  1.3621E-02
  8.6236E-02  4.2083E-01  1.3501E-02  1.6674E-02  1.4168E-02
  1.0147E-01  4.0318E-01  1.4237E-02  1.9204E-02  1.5268E-02
  1.1940E-01  3.8237E-01  1.4784E-02  2.1789E-02  1.6373E-02
  1.4050E-01  3.5778E-01  1.4921E-02  2.2912E-02  1.6782E-02
  1.6533E-01  3.2892E-01  1.4586E-02  2.2034E-02  1.6169E-02
  1.9454E-01  2.9532E-01  1.3969E-02  1.9238E-02  1.4732E-02
  2.2891E-01  2.5674E-01  1.3431E-02  1.5600E-02  1.3233E-02
  2.6936E-01  2.1338E-01  1.3006E-02  1.2790E-02  1.2277E-02
  3.1695E-01  1.6626E-01  1.2152E-02  1.1319E-02  1.1448E-02
  3.7296E-01  1.1767E-01  1.0670E-02  9.5833E-03  1.0004E-02
  4.3885E-01  7.1844E-02  8.5099E-03  7.5632E-03  7.9739E-03
  5.1640E-01  3.4632E-02  6.0805E-03  5.2907E-03  5.6369E-03
  6.0764E-01  1.1211E-02  3.3082E-03  2.7372E-03  2.9907E-03
  7.1501E-01  1.7209E-03  9.4195E-04  7.0188E-04  8.1121E-04
  8.4134E-01  4.3371E-05  5.2799E-05  3.0859E-05  4.1123E-05
  9.9000E-01  3.5252E-07  6.1867E-08  3.4228E-08  4.5072E-08
