 # x =   1.0000E-03
 #        q2        xglu      error+      error-       error
  5.0000E-01 -1.6406E+00  1.3729E+00  6.5460E-01  8.3436E-01
  6.3536E-01 -1.6994E+00  1.4220E+00  7.2988E-01  8.9078E-01
  8.0737E-01 -1.4418E+00  1.2065E+00  7.1501E-01  8.0293E-01
  1.0259E+00 -9.0161E-01  8.1468E-01  5.9428E-01  5.9600E-01
  1.3037E+00 -1.4110E-01  8.0095E-01  5.9909E-01  6.0067E-01
  1.6566E+00  7.2991E-01  7.9044E-01  6.0361E-01  6.0694E-01
  2.1051E+00  1.8591E+00  7.8841E-01  6.0462E-01  6.1109E-01
  2.6750E+00  2.7406E+00  7.8872E-01  6.0701E-01  6.1639E-01
  3.3992E+00  3.6904E+00  7.8934E-01  6.1017E-01  6.2271E-01
  4.3194E+00  4.6618E+00  7.9053E-01  6.1467E-01  6.2995E-01
  5.4888E+00  5.6481E+00  7.9237E-01  6.2008E-01  6.3794E-01
  6.9748E+00  6.6419E+00  7.9359E-01  6.2656E-01  6.4640E-01
  8.8630E+00  7.6377E+00  7.9430E-01  6.3591E-01  6.5522E-01
  1.1262E+01  8.6316E+00  7.9447E-01  6.4849E-01  6.6423E-01
  1.4311E+01  9.6160E+00  7.9424E-01  6.6179E-01  6.7336E-01
  1.8186E+01  1.0589E+01  7.9348E-01  6.7587E-01  6.8236E-01
  2.3109E+01  1.1653E+01  7.9292E-01  6.8791E-01  6.9051E-01
  2.9365E+01  1.2497E+01  7.8898E-01  6.9993E-01  6.9638E-01
  3.7315E+01  1.3368E+01  7.8689E-01  7.1134E-01  7.0259E-01
  4.7417E+01  1.4220E+01  7.8568E-01  7.2169E-01  7.0848E-01
  6.0254E+01  1.5060E+01  7.8512E-01  7.3123E-01  7.1413E-01
  7.6566E+01  1.5887E+01  7.8425E-01  7.4188E-01  7.2009E-01
  9.7294E+01  1.6702E+01  7.8311E-01  7.5290E-01  7.2599E-01
  1.2363E+02  1.7505E+01  7.8117E-01  7.6358E-01  7.3118E-01
  1.5710E+02  1.8294E+01  7.7933E-01  7.7347E-01  7.3595E-01
  1.9964E+02  1.9069E+01  7.7960E-01  7.8114E-01  7.4067E-01
  2.5368E+02  1.9831E+01  7.7977E-01  7.8867E-01  7.4524E-01
  3.2236E+02  2.0580E+01  7.7821E-01  7.9775E-01  7.4970E-01
  4.0963E+02  2.1315E+01  7.7669E-01  8.0616E-01  7.5379E-01
  5.2053E+02  2.2037E+01  7.7609E-01  8.1263E-01  7.5729E-01
  6.6145E+02  2.2745E+01  7.7548E-01  8.1867E-01  7.6060E-01
  8.4051E+02  2.3439E+01  7.7436E-01  8.2507E-01  7.6395E-01
  1.0681E+03  2.4121E+01  7.7354E-01  8.3076E-01  7.6703E-01
  1.3572E+03  2.4789E+01  7.7341E-01  8.3524E-01  7.6970E-01
  1.7246E+03  2.5445E+01  7.7336E-01  8.3925E-01  7.7215E-01
  2.1915E+03  2.6089E+01  7.7310E-01  8.4321E-01  7.7450E-01
  2.7848E+03  2.6719E+01  7.7263E-01  8.4700E-01  7.7666E-01
  3.5388E+03  2.7339E+01  7.7122E-01  8.5118E-01  7.7852E-01
  4.4968E+03  2.7946E+01  7.6859E-01  8.5591E-01  7.8000E-01
  5.7141E+03  2.8542E+01  7.6645E-01  8.6008E-01  7.8140E-01
  7.2611E+03  2.9126E+01  7.6574E-01  8.6306E-01  7.8289E-01
  9.2268E+03  2.9698E+01  7.6544E-01  8.6542E-01  7.8427E-01
  1.1725E+04  3.0260E+01  7.6472E-01  8.6754E-01  7.8532E-01
  1.4899E+04  3.0811E+01  7.6378E-01  8.6931E-01  7.8610E-01
  1.8932E+04  3.1351E+01  7.6232E-01  8.7133E-01  7.8672E-01
  2.4058E+04  3.1882E+01  7.5987E-01  8.7408E-01  7.8721E-01
  3.0571E+04  3.2402E+01  7.5756E-01  8.7647E-01  7.8752E-01
  3.8847E+04  3.2912E+01  7.5663E-01  8.7713E-01  7.8758E-01
  4.9364E+04  3.3412E+01  7.5637E-01  8.7678E-01  7.8742E-01
  6.2728E+04  3.3903E+01  7.5535E-01  8.7705E-01  7.8719E-01
  7.9710E+04  3.4385E+01  7.5410E-01  8.7788E-01  7.8687E-01
  1.0129E+05  3.4858E+01  7.5266E-01  8.7879E-01  7.8645E-01
  1.2871E+05  3.5322E+01  7.5077E-01  8.7972E-01  7.8589E-01
  1.6355E+05  3.5778E+01  7.4877E-01  8.8056E-01  7.8526E-01
  2.0783E+05  3.6225E+01  7.4740E-01  8.8097E-01  7.8469E-01
  2.6410E+05  3.6664E+01  7.4654E-01  8.8100E-01  7.8416E-01
  3.3559E+05  3.7095E+01  7.4525E-01  8.8109E-01  7.8345E-01
  4.2645E+05  3.7518E+01  7.4307E-01  8.8155E-01  7.8251E-01
  5.4190E+05  3.7934E+01  7.4100E-01  8.8165E-01  7.8143E-01
  6.8860E+05  3.8341E+01  7.4007E-01  8.8054E-01  7.8027E-01
  8.7502E+05  3.8741E+01  7.3961E-01  8.7881E-01  7.7901E-01
  1.1119E+06  3.9134E+01  7.3836E-01  8.7772E-01  7.7772E-01
  1.4129E+06  3.9521E+01  7.3636E-01  8.7723E-01  7.7639E-01
  1.7954E+06  3.9900E+01  7.3400E-01  8.7696E-01  7.7498E-01
  2.2815E+06  4.0273E+01  7.3122E-01  8.7696E-01  7.7346E-01
  2.8992E+06  4.0639E+01  7.2828E-01  8.7698E-01  7.7186E-01
  3.6840E+06  4.0999E+01  7.2599E-01  8.7631E-01  7.7022E-01
  4.6814E+06  4.1352E+01  7.2420E-01  8.7505E-01  7.6852E-01
  5.9487E+06  4.1699E+01  7.2233E-01  8.7376E-01  7.6678E-01
  7.5592E+06  4.2040E+01  7.2024E-01  8.7256E-01  7.6499E-01
  9.6056E+06  4.2375E+01  7.1821E-01  8.7117E-01  7.6315E-01
  1.2206E+07  4.2705E+01  7.1645E-01  8.6935E-01  7.6129E-01
  1.5511E+07  4.3029E+01  7.1486E-01  8.6726E-01  7.5940E-01
  1.9710E+07  4.3347E+01  7.1338E-01  8.6520E-01  7.5750E-01
  2.5046E+07  4.3660E+01  7.1220E-01  8.6302E-01  7.5561E-01
  3.1826E+07  4.3967E+01  7.1044E-01  8.6125E-01  7.5364E-01
  4.0442E+07  4.4270E+01  7.0708E-01  8.6059E-01  7.5152E-01
  5.1390E+07  4.4568E+01  7.0334E-01  8.6013E-01  7.4936E-01
  6.5303E+07  4.4860E+01  7.0129E-01  8.5822E-01  7.4731E-01
  8.2982E+07  4.5147E+01  7.0048E-01  8.5517E-01  7.4534E-01
  1.0545E+08  4.5430E+01  6.9896E-01  8.5282E-01  7.4333E-01
  1.3399E+08  4.5708E+01  6.9610E-01  8.5180E-01  7.4124E-01
  1.7027E+08  4.5982E+01  6.9306E-01  8.5087E-01  7.3910E-01
  2.1637E+08  4.6251E+01  6.9084E-01  8.4890E-01  7.3689E-01
  2.7494E+08  4.6516E+01  6.8898E-01  8.4641E-01  7.3461E-01
  3.4937E+08  4.6777E+01  6.8653E-01  8.4453E-01  7.3230E-01
  4.4396E+08  4.7033E+01  6.8329E-01  8.4349E-01  7.2996E-01
  5.6414E+08  4.7286E+01  6.8030E-01  8.4212E-01  7.2764E-01
  7.1687E+08  4.7534E+01  6.7804E-01  8.3989E-01  7.2537E-01
  9.1094E+08  4.7778E+01  6.7625E-01  8.3708E-01  7.2313E-01
  1.1576E+09  4.8023E+01  6.7447E-01  8.3420E-01  7.2088E-01
  1.4709E+09  4.8271E+01  6.7249E-01  8.3152E-01  7.1858E-01
  1.8692E+09  4.8521E+01  6.7050E-01  8.2882E-01  7.1627E-01
  2.3752E+09  4.8772E+01  6.6849E-01  8.2610E-01  7.1394E-01
  3.0182E+09  4.9024E+01  6.6647E-01  8.2335E-01  7.1159E-01
  3.8353E+09  4.9278E+01  6.6443E-01  8.2059E-01  7.0923E-01
  4.8736E+09  4.9533E+01  6.6239E-01  8.1780E-01  7.0685E-01
  6.1930E+09  4.9789E+01  6.6033E-01  8.1500E-01  7.0446E-01
  7.8695E+09  5.0047E+01  6.5826E-01  8.1218E-01  7.0205E-01
  1.0000E+10  5.0305E+01  6.5618E-01  8.0934E-01  6.9963E-01
