 # x =   1.0000E-03
 #        q2       xsbar      error+      error-       error
  5.0000E-01  4.9493E-02  2.7816E-02  2.2419E-02  2.4609E-02
  6.3536E-01  6.4147E-02  3.3845E-02  2.7392E-02  3.0010E-02
  8.0737E-01  8.4757E-02  3.9084E-02  3.1790E-02  3.4759E-02
  1.0259E+00  1.1513E-01  4.0514E-02  3.2761E-02  3.5981E-02
  1.3037E+00  1.5123E-01  3.9343E-02  3.1494E-02  3.4796E-02
  1.6566E+00  1.8769E-01  3.8485E-02  3.0880E-02  3.4043E-02
  2.1051E+00  2.2469E-01  3.7864E-02  3.0700E-02  3.3606E-02
  2.6750E+00  2.6271E-01  3.7498E-02  3.0792E-02  3.3438E-02
  3.3992E+00  3.0050E-01  3.7314E-02  3.1057E-02  3.3452E-02
  4.3194E+00  3.3814E-01  3.7271E-02  3.1447E-02  3.3606E-02
  5.4888E+00  3.7562E-01  3.7327E-02  3.1944E-02  3.3869E-02
  6.9748E+00  4.1291E-01  3.7482E-02  3.2496E-02  3.4212E-02
  8.8630E+00  4.4999E-01  3.7697E-02  3.3113E-02  3.4619E-02
  1.1262E+01  4.8686E-01  3.7982E-02  3.3770E-02  3.5081E-02
  1.4311E+01  5.2346E-01  3.8311E-02  3.4449E-02  3.5577E-02
  1.8186E+01  5.5981E-01  3.8665E-02  3.5143E-02  3.6095E-02
  2.3109E+01  5.9574E-01  3.9026E-02  3.5830E-02  3.6616E-02
  2.9365E+01  6.3188E-01  3.9435E-02  3.6541E-02  3.7168E-02
  3.7315E+01  6.6760E-01  3.9894E-02  3.7237E-02  3.7722E-02
  4.7417E+01  7.0298E-01  4.0389E-02  3.7924E-02  3.8280E-02
  6.0254E+01  7.3803E-01  4.0888E-02  3.8602E-02  3.8839E-02
  7.6566E+01  7.7275E-01  4.1377E-02  3.9274E-02  3.9392E-02
  9.7294E+01  8.0712E-01  4.1858E-02  3.9937E-02  3.9939E-02
  1.2363E+02  8.4115E-01  4.2343E-02  4.0580E-02  4.0480E-02
  1.5710E+02  8.7484E-01  4.2821E-02  4.1210E-02  4.1013E-02
  1.9964E+02  9.0818E-01  4.3273E-02  4.1843E-02  4.1535E-02
  2.5368E+02  9.4117E-01  4.3728E-02  4.2445E-02  4.2046E-02
  3.2236E+02  9.7382E-01  4.4216E-02  4.2977E-02  4.2542E-02
  4.0963E+02  1.0061E+00  4.4687E-02  4.3518E-02  4.3034E-02
  5.2053E+02  1.0381E+00  4.5110E-02  4.4127E-02  4.3527E-02
  6.6145E+02  1.0698E+00  4.5524E-02  4.4720E-02  4.4009E-02
  8.4051E+02  1.1010E+00  4.5952E-02  4.5253E-02  4.4473E-02
  1.0681E+03  1.1320E+00  4.6355E-02  4.5787E-02  4.4923E-02
  1.3572E+03  1.1626E+00  4.6715E-02  4.6346E-02  4.5363E-02
  1.7246E+03  1.1929E+00  4.7045E-02  4.6898E-02  4.5783E-02
  2.1915E+03  1.2229E+00  4.7343E-02  4.7415E-02  4.6172E-02
  2.7848E+03  1.2525E+00  4.7614E-02  4.7912E-02  4.6538E-02
  3.5388E+03  1.2819E+00  4.7894E-02  4.8406E-02  4.6913E-02
  4.4968E+03  1.3109E+00  4.8181E-02  4.8895E-02  4.7294E-02
  5.7141E+03  1.3396E+00  4.8476E-02  4.9376E-02  4.7672E-02
  7.2611E+03  1.3679E+00  4.8787E-02  4.9847E-02  4.8046E-02
  9.2268E+03  1.3960E+00  4.9094E-02  5.0305E-02  4.8410E-02
  1.1725E+04  1.4238E+00  4.9361E-02  5.0757E-02  4.8755E-02
  1.4899E+04  1.4512E+00  4.9598E-02  5.1200E-02  4.9083E-02
  1.8932E+04  1.4783E+00  4.9879E-02  5.1574E-02  4.9396E-02
  2.4058E+04  1.5052E+00  5.0246E-02  5.1834E-02  4.9694E-02
  3.0571E+04  1.5317E+00  5.0603E-02  5.2081E-02  4.9979E-02
  3.8847E+04  1.5580E+00  5.0861E-02  5.2399E-02  5.0253E-02
  4.9364E+04  1.5839E+00  5.1056E-02  5.2756E-02  5.0518E-02
  6.2728E+04  1.6097E+00  5.1197E-02  5.3169E-02  5.0781E-02
  7.9710E+04  1.6351E+00  5.1267E-02  5.3654E-02  5.1043E-02
  1.0129E+05  1.6603E+00  5.1382E-02  5.4086E-02  5.1302E-02
  1.2871E+05  1.6852E+00  5.1615E-02  5.4388E-02  5.1560E-02
  1.6355E+05  1.7098E+00  5.1890E-02  5.4635E-02  5.1815E-02
  2.0783E+05  1.7342E+00  5.2139E-02  5.4896E-02  5.2058E-02
  2.6410E+05  1.7583E+00  5.2378E-02  5.5154E-02  5.2292E-02
  3.3559E+05  1.7821E+00  5.2562E-02  5.5445E-02  5.2515E-02
  4.2645E+05  1.8057E+00  5.2652E-02  5.5800E-02  5.2726E-02
  5.4190E+05  1.8291E+00  5.2740E-02  5.6145E-02  5.2931E-02
  6.8860E+05  1.8522E+00  5.2915E-02  5.6401E-02  5.3135E-02
  8.7502E+05  1.8750E+00  5.3125E-02  5.6614E-02  5.3336E-02
  1.1119E+06  1.8976E+00  5.3288E-02  5.6865E-02  5.3531E-02
  1.4129E+06  1.9200E+00  5.3396E-02  5.7169E-02  5.3724E-02
  1.7954E+06  1.9422E+00  5.3521E-02  5.7417E-02  5.3900E-02
  2.2815E+06  1.9641E+00  5.3728E-02  5.7508E-02  5.4040E-02
  2.8992E+06  1.9858E+00  5.3941E-02  5.7564E-02  5.4167E-02
  3.6840E+06  2.0072E+00  5.4037E-02  5.7787E-02  5.4316E-02
  4.6814E+06  2.0285E+00  5.4034E-02  5.8146E-02  5.4480E-02
  5.9487E+06  2.0496E+00  5.4073E-02  5.8447E-02  5.4640E-02
  7.5592E+06  2.0705E+00  5.4183E-02  5.8651E-02  5.4794E-02
  9.6056E+06  2.0911E+00  5.4321E-02  5.8817E-02  5.4943E-02
  1.2206E+07  2.1115E+00  5.4474E-02  5.8959E-02  5.5082E-02
  1.5511E+07  2.1317E+00  5.4641E-02  5.9077E-02  5.5213E-02
  1.9710E+07  2.1516E+00  5.4797E-02  5.9207E-02  5.5344E-02
  2.5046E+07  2.1714E+00  5.4948E-02  5.9345E-02  5.5476E-02
  3.1826E+07  2.1910E+00  5.5067E-02  5.9501E-02  5.5601E-02
  4.0442E+07  2.2105E+00  5.5119E-02  5.9698E-02  5.5717E-02
  5.1390E+07  2.2297E+00  5.5148E-02  5.9902E-02  5.5826E-02
  6.5303E+07  2.2488E+00  5.5227E-02  6.0041E-02  5.5928E-02
  8.2982E+07  2.2676E+00  5.5340E-02  6.0131E-02  5.6021E-02
  1.0545E+08  2.2863E+00  5.5421E-02  6.0256E-02  5.6115E-02
  1.3399E+08  2.3048E+00  5.5444E-02  6.0449E-02  5.6215E-02
  1.7027E+08  2.3231E+00  5.5460E-02  6.0645E-02  5.6313E-02
  2.1637E+08  2.3413E+00  5.5518E-02  6.0780E-02  5.6403E-02
  2.7494E+08  2.3592E+00  5.5596E-02  6.0883E-02  5.6487E-02
  3.4937E+08  2.3771E+00  5.5639E-02  6.1004E-02  5.6561E-02
  4.4396E+08  2.3947E+00  5.5633E-02  6.1153E-02  5.6619E-02
  5.6414E+08  2.4122E+00  5.5652E-02  6.1291E-02  5.6687E-02
  7.1687E+08  2.4295E+00  5.5729E-02  6.1402E-02  5.6774E-02
  9.1094E+08  2.4466E+00  5.5846E-02  6.1496E-02  5.6876E-02
  1.1576E+09  2.4638E+00  5.5965E-02  6.1587E-02  5.6978E-02
  1.4709E+09  2.4813E+00  5.6068E-02  6.1684E-02  5.7073E-02
  1.8692E+09  2.4989E+00  5.6170E-02  6.1781E-02  5.7167E-02
  2.3752E+09  2.5166E+00  5.6271E-02  6.1877E-02  5.7260E-02
  3.0182E+09  2.5345E+00  5.6372E-02  6.1972E-02  5.7353E-02
  3.8353E+09  2.5524E+00  5.6472E-02  6.2066E-02  5.7444E-02
  4.8736E+09  2.5705E+00  5.6571E-02  6.2160E-02  5.7535E-02
  6.1930E+09  2.5888E+00  5.6669E-02  6.2253E-02  5.7625E-02
  7.8695E+09  2.6071E+00  5.6767E-02  6.2345E-02  5.7714E-02
  1.0000E+10  2.6256E+00  5.6864E-02  6.2437E-02  5.7802E-02
