 # x =   1.0000E-03
 #        q2       xubar      error+      error-       error
  5.0000E-01  1.7165E-01  2.4581E-02  2.3563E-02  2.3726E-02
  6.3536E-01  2.1167E-01  2.9103E-02  2.7830E-02  2.8067E-02
  8.0737E-01  2.5348E-01  3.2019E-02  3.0445E-02  3.0811E-02
  1.0259E+00  2.9088E-01  3.1296E-02  2.9378E-02  2.9937E-02
  1.3037E+00  3.2489E-01  2.8911E-02  2.6719E-02  2.7418E-02
  1.6566E+00  3.5955E-01  2.7136E-02  2.4713E-02  2.5488E-02
  2.1051E+00  3.9492E-01  2.5809E-02  2.3253E-02  2.4020E-02
  2.6750E+00  4.3157E-01  2.4918E-02  2.2253E-02  2.2979E-02
  3.3992E+00  4.6811E-01  2.4313E-02  2.1652E-02  2.2268E-02
  4.3194E+00  5.0460E-01  2.3983E-02  2.1354E-02  2.1840E-02
  5.4888E+00  5.4101E-01  2.3871E-02  2.1312E-02  2.1650E-02
  6.9748E+00  5.7730E-01  2.3917E-02  2.1492E-02  2.1654E-02
  8.8630E+00  6.1346E-01  2.4080E-02  2.1852E-02  2.1815E-02
  1.1262E+01  6.4945E-01  2.4380E-02  2.2328E-02  2.2109E-02
  1.4311E+01  6.8523E-01  2.4743E-02  2.2917E-02  2.2500E-02
  1.8186E+01  7.2080E-01  2.5160E-02  2.3580E-02  2.2966E-02
  2.3109E+01  7.5597E-01  2.5593E-02  2.4288E-02  2.3480E-02
  2.9365E+01  7.9144E-01  2.6090E-02  2.5049E-02  2.4060E-02
  3.7315E+01  8.2648E-01  2.6648E-02  2.5776E-02  2.4658E-02
  4.7417E+01  8.6123E-01  2.7205E-02  2.6529E-02  2.5280E-02
  6.0254E+01  8.9568E-01  2.7751E-02  2.7304E-02  2.5914E-02
  7.6566E+01  9.2981E-01  2.8248E-02  2.8119E-02  2.6551E-02
  9.7294E+01  9.6363E-01  2.8724E-02  2.8945E-02  2.7189E-02
  1.2363E+02  9.9712E-01  2.9249E-02  2.9733E-02  2.7835E-02
  1.5710E+02  1.0303E+00  2.9796E-02  3.0484E-02  2.8475E-02
  1.9964E+02  1.0631E+00  3.0358E-02  3.1167E-02  2.9089E-02
  2.5368E+02  1.0956E+00  3.0888E-02  3.1863E-02  2.9695E-02
  3.2236E+02  1.1278E+00  3.1340E-02  3.2652E-02  3.0309E-02
  4.0963E+02  1.1597E+00  3.1779E-02  3.3422E-02  3.0913E-02
  5.2053E+02  1.1912E+00  3.2218E-02  3.4125E-02  3.1494E-02
  6.6145E+02  1.2224E+00  3.2699E-02  3.4764E-02  3.2062E-02
  8.4051E+02  1.2532E+00  3.3294E-02  3.5296E-02  3.2619E-02
  1.0681E+03  1.2837E+00  3.3810E-02  3.5869E-02  3.3161E-02
  1.3572E+03  1.3140E+00  3.4142E-02  3.6562E-02  3.3680E-02
  1.7246E+03  1.3439E+00  3.4438E-02  3.7264E-02  3.4188E-02
  2.1915E+03  1.3735E+00  3.4807E-02  3.7896E-02  3.4693E-02
  2.7848E+03  1.4028E+00  3.5201E-02  3.8487E-02  3.5188E-02
  3.5388E+03  1.4317E+00  3.5609E-02  3.9023E-02  3.5664E-02
  4.4968E+03  1.4603E+00  3.6042E-02  3.9489E-02  3.6117E-02
  5.7141E+03  1.4886E+00  3.6444E-02  3.9971E-02  3.6560E-02
  7.2611E+03  1.5167E+00  3.6776E-02  4.0520E-02  3.6997E-02
  9.2268E+03  1.5444E+00  3.7077E-02  4.1090E-02  3.7426E-02
  1.1725E+04  1.5718E+00  3.7377E-02  4.1626E-02  3.7847E-02
  1.4899E+04  1.5989E+00  3.7669E-02  4.2137E-02  3.8261E-02
  1.8932E+04  1.6258E+00  3.7970E-02  4.2604E-02  3.8650E-02
  2.4058E+04  1.6523E+00  3.8282E-02  4.3009E-02  3.9004E-02
  3.0571E+04  1.6786E+00  3.8599E-02  4.3390E-02  3.9346E-02
  3.8847E+04  1.7045E+00  3.8930E-02  4.3770E-02  3.9698E-02
  4.9364E+04  1.7302E+00  3.9261E-02  4.4148E-02  4.0051E-02
  6.2728E+04  1.7556E+00  3.9531E-02  4.4571E-02  4.0397E-02
  7.9710E+04  1.7808E+00  3.9726E-02  4.5054E-02  4.0738E-02
  1.0129E+05  1.8057E+00  3.9957E-02  4.5480E-02  4.1067E-02
  1.2871E+05  1.8303E+00  4.0310E-02  4.5759E-02  4.1381E-02
  1.6355E+05  1.8546E+00  4.0671E-02  4.6000E-02  4.1679E-02
  2.0783E+05  1.8787E+00  4.0864E-02  4.6345E-02  4.1949E-02
  2.6410E+05  1.9026E+00  4.0919E-02  4.6769E-02  4.2192E-02
  3.3559E+05  1.9262E+00  4.1047E-02  4.7155E-02  4.2450E-02
  4.2645E+05  1.9495E+00  4.1321E-02  4.7469E-02  4.2741E-02
  5.4190E+05  1.9726E+00  4.1616E-02  4.7759E-02  4.3027E-02
  6.8860E+05  1.9954E+00  4.1849E-02  4.8039E-02  4.3277E-02
  8.7502E+05  2.0180E+00  4.2052E-02  4.8312E-02  4.3507E-02
  1.1119E+06  2.0404E+00  4.2215E-02  4.8625E-02  4.3741E-02
  1.4129E+06  2.0626E+00  4.2321E-02  4.8995E-02  4.3978E-02
  1.7954E+06  2.0846E+00  4.2461E-02  4.9309E-02  4.4204E-02
  2.2815E+06  2.1062E+00  4.2713E-02  4.9471E-02  4.4410E-02
  2.8992E+06  2.1277E+00  4.2992E-02  4.9586E-02  4.4606E-02
  3.6840E+06  2.1489E+00  4.3174E-02  4.9806E-02  4.4804E-02
  4.6814E+06  2.1700E+00  4.3282E-02  5.0103E-02  4.5001E-02
  5.9487E+06  2.1908E+00  4.3356E-02  5.0414E-02  4.5190E-02
  7.5592E+06  2.2115E+00  4.3363E-02  5.0756E-02  4.5365E-02
  9.6056E+06  2.2319E+00  4.3411E-02  5.1056E-02  4.5539E-02
  1.2206E+07  2.2521E+00  4.3640E-02  5.1203E-02  4.5726E-02
  1.5511E+07  2.2721E+00  4.3963E-02  5.1267E-02  4.5917E-02
  1.9710E+07  2.2918E+00  4.4174E-02  5.1412E-02  4.6091E-02
  2.5046E+07  2.3115E+00  4.4258E-02  5.1651E-02  4.6249E-02
  3.1826E+07  2.3309E+00  4.4321E-02  5.1897E-02  4.6398E-02
  4.0442E+07  2.3502E+00  4.4401E-02  5.2118E-02  4.6543E-02
  5.1390E+07  2.3692E+00  4.4488E-02  5.2320E-02  4.6682E-02
  6.5303E+07  2.3881E+00  4.4617E-02  5.2465E-02  4.6813E-02
  8.2982E+07  2.4067E+00  4.4780E-02  5.2560E-02  4.6937E-02
  1.0545E+08  2.4252E+00  4.4917E-02  5.2677E-02  4.7060E-02
  1.3399E+08  2.4435E+00  4.5016E-02  5.2837E-02  4.7183E-02
  1.7027E+08  2.4617E+00  4.5098E-02  5.3013E-02  4.7305E-02
  2.1637E+08  2.4796E+00  4.5179E-02  5.3174E-02  4.7425E-02
  2.7494E+08  2.4974E+00  4.5251E-02  5.3335E-02  4.7543E-02
  3.4937E+08  2.5151E+00  4.5293E-02  5.3520E-02  4.7654E-02
  4.4396E+08  2.5325E+00  4.5293E-02  5.3734E-02  4.7759E-02
  5.6414E+08  2.5498E+00  4.5314E-02  5.3932E-02  4.7860E-02
  7.1687E+08  2.5670E+00  4.5386E-02  5.4075E-02  4.7962E-02
  9.1094E+08  2.5840E+00  4.5492E-02  5.4180E-02  4.8061E-02
  1.1576E+09  2.6010E+00  4.5601E-02  5.4281E-02  4.8161E-02
  1.4709E+09  2.6183E+00  4.5697E-02  5.4398E-02  4.8260E-02
  1.8692E+09  2.6357E+00  4.5793E-02  5.4514E-02  4.8360E-02
  2.3752E+09  2.6532E+00  4.5889E-02  5.4631E-02  4.8460E-02
  3.0182E+09  2.6709E+00  4.5985E-02  5.4747E-02  4.8560E-02
  3.8353E+09  2.6886E+00  4.6082E-02  5.4864E-02  4.8660E-02
  4.8736E+09  2.7065E+00  4.6178E-02  5.4980E-02  4.8759E-02
  6.1930E+09  2.7244E+00  4.6276E-02  5.5097E-02  4.8859E-02
  7.8695E+09  2.7426E+00  4.6373E-02  5.5213E-02  4.8958E-02
  1.0000E+10  2.7608E+00  4.6471E-02  5.5330E-02  4.9058E-02
