 # q =   1.0000E+01
 #         x         xup      error+      error-       error
  1.0000E-07  1.4266E+00  8.5243E+00  1.0722E+01  8.5197E+00
  1.1767E-07  1.4694E+00  8.2071E+00  1.0319E+01  8.2231E+00
  1.3846E-07  1.5134E+00  7.8917E+00  9.9176E+00  7.9267E+00
  1.6293E-07  1.5588E+00  7.5780E+00  9.5176E+00  7.6301E+00
  1.9171E-07  1.6055E+00  7.2657E+00  9.1188E+00  7.3332E+00
  2.2559E-07  1.6536E+00  6.9545E+00  8.7210E+00  7.0355E+00
  2.6545E-07  1.7031E+00  6.6441E+00  8.3237E+00  6.7367E+00
  3.1235E-07  1.7542E+00  6.3344E+00  7.9265E+00  6.4362E+00
  3.6754E-07  1.8067E+00  6.0249E+00  7.5289E+00  6.1336E+00
  4.3248E-07  1.8609E+00  5.7155E+00  7.1301E+00  5.8283E+00
  5.0890E-07  1.9166E+00  5.4059E+00  6.7293E+00  5.5195E+00
  5.9882E-07  1.9741E+00  5.0958E+00  6.3253E+00  5.2066E+00
  7.0462E-07  2.0332E+00  4.7849E+00  5.9170E+00  4.8886E+00
  8.2912E-07  2.0942E+00  4.4730E+00  5.5027E+00  4.5645E+00
  9.7562E-07  2.1569E+00  4.1598E+00  5.0808E+00  4.2332E+00
  1.1480E-06  2.2375E+00  3.8154E+00  4.5843E+00  3.8432E+00
  1.3509E-06  2.3127E+00  3.4827E+00  4.1040E+00  3.4650E+00
  1.5895E-06  2.3789E+00  3.1684E+00  3.6548E+00  3.1100E+00
  1.8704E-06  2.4361E+00  2.8725E+00  3.2368E+00  2.7782E+00
  2.2009E-06  2.4848E+00  2.5942E+00  2.8480E+00  2.4682E+00
  2.5898E-06  2.5266E+00  2.3310E+00  2.4839E+00  2.1769E+00
  3.0474E-06  2.5588E+00  2.0871E+00  2.1527E+00  1.9099E+00
  3.5858E-06  2.5788E+00  1.8669E+00  1.8628E+00  1.6737E+00
  4.2194E-06  2.5836E+00  1.6753E+00  1.6236E+00  1.4751E+00
  4.9649E-06  2.5718E+00  1.5145E+00  1.4389E+00  1.3169E+00
  5.8422E-06  2.5524E+00  1.3694E+00  1.2792E+00  1.1779E+00
  6.8744E-06  2.5322E+00  1.2294E+00  1.1234E+00  1.0429E+00
  8.0891E-06  2.5082E+00  1.0991E+00  9.8045E-01  9.1833E-01
  9.5184E-06  2.4805E+00  9.7819E-01  8.4989E-01  8.0393E-01
  1.1200E-05  2.4481E+00  8.6877E-01  7.3506E-01  7.0220E-01
  1.3179E-05  2.4102E+00  7.7167E-01  6.3722E-01  6.1412E-01
  1.5508E-05  2.3682E+00  6.8473E-01  5.5281E-01  5.3699E-01
  1.8248E-05  2.3235E+00  6.0564E-01  4.7823E-01  4.6803E-01
  2.1472E-05  2.2771E+00  5.3265E-01  4.1084E-01  4.0512E-01
  2.5266E-05  2.2280E+00  4.6762E-01  3.5321E-01  3.5044E-01
  2.9731E-05  2.1765E+00  4.1005E-01  3.0435E-01  3.0330E-01
  3.4984E-05  2.1232E+00  3.5895E-01  2.6239E-01  2.6224E-01
  4.1165E-05  2.0689E+00  3.1299E-01  2.2568E-01  2.2592E-01
  4.8439E-05  2.0130E+00  2.7286E-01  1.9499E-01  1.9505E-01
  5.6998E-05  1.9563E+00  2.3762E-01  1.6902E-01  1.6865E-01
  6.7069E-05  1.8997E+00  2.0560E-01  1.4589E-01  1.4512E-01
  7.8919E-05  1.8428E+00  1.7742E-01  1.2615E-01  1.2495E-01
  9.2864E-05  1.7852E+00  1.5367E-01  1.1004E-01  1.0844E-01
  1.0927E-04  1.7278E+00  1.3287E-01  9.6236E-02  9.4349E-02
  1.2858E-04  1.6708E+00  1.1471E-01  8.4482E-02  8.2392E-02
  1.5130E-04  1.6143E+00  9.9008E-02  7.4519E-02  7.2339E-02
  1.7803E-04  1.5585E+00  8.5365E-02  6.6042E-02  6.3894E-02
  2.0949E-04  1.5037E+00  7.3378E-02  5.9240E-02  5.6836E-02
  2.4650E-04  1.4495E+00  6.3318E-02  5.3764E-02  5.1104E-02
  2.9006E-04  1.3961E+00  5.5574E-02  4.9067E-02  4.6392E-02
  3.4131E-04  1.3437E+00  5.0033E-02  4.5001E-02  4.2426E-02
  4.0162E-04  1.2926E+00  4.5402E-02  4.1473E-02  3.9064E-02
  4.7258E-04  1.2427E+00  4.1525E-02  3.8409E-02  3.6194E-02
  5.5608E-04  1.1940E+00  3.8080E-02  3.5731E-02  3.3668E-02
  6.5434E-04  1.1469E+00  3.4981E-02  3.3421E-02  3.1436E-02
  7.6995E-04  1.1011E+00  3.2100E-02  3.1455E-02  2.9405E-02
  9.0600E-04  1.0569E+00  2.9536E-02  2.9688E-02  2.7575E-02
  1.0661E-03  1.0143E+00  2.7234E-02  2.8088E-02  2.5911E-02
  1.2544E-03  9.7336E-01  2.5143E-02  2.6597E-02  2.4359E-02
  1.4761E-03  9.3405E-01  2.3245E-02  2.5171E-02  2.2897E-02
  1.7369E-03  8.9654E-01  2.1551E-02  2.3817E-02  2.1531E-02
  2.0438E-03  8.6095E-01  2.0051E-02  2.2561E-02  2.0281E-02
  2.4049E-03  8.2719E-01  1.8715E-02  2.1350E-02  1.9114E-02
  2.8299E-03  7.9525E-01  1.7527E-02  2.0140E-02  1.8005E-02
  3.3299E-03  7.6527E-01  1.6499E-02  1.8951E-02  1.6969E-02
  3.9183E-03  7.3739E-01  1.5644E-02  1.7838E-02  1.6028E-02
  4.6106E-03  7.1162E-01  1.4932E-02  1.6791E-02  1.5186E-02
  5.4253E-03  6.8791E-01  1.4308E-02  1.5875E-02  1.4437E-02
  6.3839E-03  6.6646E-01  1.3751E-02  1.5158E-02  1.3806E-02
  7.5118E-03  6.4726E-01  1.3255E-02  1.4638E-02  1.3301E-02
  8.8391E-03  6.3041E-01  1.2821E-02  1.4373E-02  1.2939E-02
  1.0401E-02  6.1595E-01  1.2464E-02  1.4333E-02  1.2726E-02
  1.2239E-02  6.0392E-01  1.2217E-02  1.4473E-02  1.2667E-02
  1.4401E-02  5.9438E-01  1.2073E-02  1.4813E-02  1.2761E-02
  1.6946E-02  5.8737E-01  1.2028E-02  1.5327E-02  1.3006E-02
  1.9940E-02  5.8284E-01  1.2104E-02  1.5927E-02  1.3369E-02
  2.3463E-02  5.8084E-01  1.2342E-02  1.6538E-02  1.3825E-02
  2.7609E-02  5.8124E-01  1.2746E-02  1.7124E-02  1.4348E-02
  3.2487E-02  5.8383E-01  1.3286E-02  1.7608E-02  1.4880E-02
  3.8227E-02  5.8858E-01  1.3950E-02  1.7989E-02  1.5417E-02
  4.4982E-02  5.9490E-01  1.4739E-02  1.8159E-02  1.5901E-02
  5.2930E-02  6.0275E-01  1.5667E-02  1.8150E-02  1.6362E-02
  6.2282E-02  6.1083E-01  1.6681E-02  1.7975E-02  1.6787E-02
  7.3287E-02  6.1922E-01  1.7808E-02  1.7730E-02  1.7243E-02
  8.6236E-02  6.2623E-01  1.9026E-02  1.7498E-02  1.7767E-02
  1.0147E-01  6.3102E-01  2.0409E-02  1.7303E-02  1.8397E-02
  1.1940E-01  6.3204E-01  2.1762E-02  1.7256E-02  1.9094E-02
  1.4050E-01  6.2702E-01  2.2873E-02  1.7246E-02  1.9677E-02
  1.6533E-01  6.1377E-01  2.3529E-02  1.7106E-02  1.9951E-02
  1.9454E-01  5.8948E-01  2.3473E-02  1.6670E-02  1.9700E-02
  2.2891E-01  5.5111E-01  2.2586E-02  1.5790E-02  1.8799E-02
  2.6936E-01  4.9632E-01  2.0745E-02  1.4457E-02  1.7214E-02
  3.1695E-01  4.2430E-01  1.7869E-02  1.2676E-02  1.4930E-02
  3.7296E-01  3.3748E-01  1.4201E-02  1.0425E-02  1.2041E-02
  4.3885E-01  2.4255E-01  1.0165E-02  7.8952E-03  8.8306E-03
  5.1640E-01  1.5019E-01  6.4570E-03  5.3028E-03  5.7363E-03
  6.0764E-01  7.3279E-02  3.5748E-03  2.9475E-03  3.1632E-03
  7.1501E-01  2.3051E-02  1.4885E-03  1.2816E-03  1.3360E-03
  8.4134E-01  2.5113E-03  2.6164E-04  2.6491E-04  2.5224E-04
  9.9000E-01 -1.6725E-06  4.3319E-07  3.6928E-07  3.8472E-07
